>t2_15n30003-s06_start
127.143,148.913,190.248,208.877,284.35,316.384,360.548,376.95,463.381,480.995,491.752,503.065,538.58,547.598,561.794,567.099,577.797,693.886,738.765
>t2_15n30003-s06_end
129.6,149.7,192.6,210.4,288.4,325.6,365.7,380.45,464.5,484.42,493.8,507.4,540.1,549.5,563.1,568.3,580,696.4,740.8
>t2_15n30008-s06_start
16.0324,36.1441,85.3711,134.693,181.291,191.086,230.181,305.428,313.726,324.099,673.667,682.629,717.802
>t2_15n30008-s06_end
16.5,66.6,88.2,139.1,182.2,195.4,232.05,307.15,316.8,325.8,676.2,686.9,720.7
>t3_15d03002-s06_start
28.7006,48.3272,99.8985,279.899,717.441
>t3_15d03002-s06_end
42.65,76.3,160.3,284,749
>t3_15d03003-s06_start
65.184,90.578,187.626,322.347,344.231,449.059,525.064,546.265,684.345,727.925
>t3_15d03003-s06_end
71.97,140,213.93,323.4,362.1,476,539.02,641.7,706.5,732.8
>t3_15d08002-s06_start
60.642,94.191,303.225,378.761,588.181
>t3_15d08002-s06_end
77.2,126,309.8,394.1,615.4
>t3_15d03004-s06_start
255.395,317.847,362.488,510.24,568.771
>t3_15d03004-s06_end
273.23,332.5,404.6,540.15,617
>t4_15d07002-s06_start
13.471,114.782,130.669,199.44,260.167,604.92,731.357
>t4_15d07002-s06_end
26,121.2,132.6,215,278.4,650.5,737.83
>t4_15d07003-s06_start
49.64,68.277,125.449,144.022,187.27,221.663,249.317,325.256,341.343,620.456,668.562,725.753
>t4_15d07003-s06_end
56.4,77.1,127.52,156.4,202.2,222.36,252.95,328,359.54,636.1,686.2,728.1
>t4_15d09002-s06_start
173.693,279.602,651.44,713.931,738.094,763.525
>t4_15d09002-s06_end
197.9,288.2,667.8,716.32,745.6,769.15
>t4_15d09004-s06_start
142.26,292.985,423.673,540.839,566.036,579.919,675.965
>t4_15d09004-s06_end
147.2,297.1,447.5,546.1,570.6,593.3,700.8
>t5_16325004-s06_start
19487.779296875,173441.546875,313979.5
>t5_16325004-s06_end
20174.60938,174086.2344,326465.875
>t6_16322008-s06_start
8494.910156,264646.1875,397924.4688,437854.1875
>t6_16322008-s06_end
8865.30957,269070.75,398437.3125,438623.7813
>t7_16323006-s06_start
15623.4501953125,26104.099609375,36721.08984375,198003.796875,206461.671875,310332.6875,400624.03125,435809.4375,449683.71875,490147.53125
>t7_16323006-s06_end
16871.9296875,26557.48046875,41045.69921875,198649.65625,207645.1875,310862.09375,401143.8125,437875.875,450115.875,490781.09375
>t8_16328002-s04_start
243676.9375,347451.8125,519604.4688,592494.5
>t8_16328002-s04_end
251898.8594,351023.125,520347.3438,594145.0625
