0	77.979596	2.416143	CTTCG
1	112.465273	3.551179	TTCGG
2	120.311348	5.310878	TCGGA
3	114.132204	7.840309	CGGAC
4	91.801754	5.093152	GGACC
5	72.329156	2.107591	GACCA
6	82.923787	2.8125	ACCAA
7	89.369315	3.449749	CCAAC
8	82.484518	3.018476	CAACG
9	99.447505	3.856268	AACGC
10	87.112345	2.600796	ACGCC
11	76.792394	2.778549	CGCCC
12	63.753187	2.070961	GCCCC
13	62.47677	2.070961	CCCCC
14	64.850173	2.070961	CCCCG
15	105.110774	3.291378	CCCGG
16	103.668104	5.310878	CCGGC
17	95.132647	4.981474	CGGCC
18	76.572635	2.778549	GGCCT
19	71.191272	2.29844	GCCTA
20	103.249725	5.702234	CCTAA
21	112.204348	3.108588	CTAAA
22	110.065655	2.676522	TAAAC
23	87.611027	3.018476	AAACT
24	80.104941	2.300504	AACTT
25	76.776405	2.072592	ACTTG
26	114.367087	7.489815	CTTGG
27	120.767331	3.368228	TTGGC
28	95.286181	4.981474	TGGCT
29	79.123155	2.302527	GGCTG
30	100.20425	6.071202	GCTGC
31	89.203426	3.049711	CTGCT
32	79.776852	2.302527	TGCTG
33	115.677666	6.071202	GCTGG
34	116.546344	3.368228	CTGGA
35	115.608986	7.840309	TGGAA
36	105.256818	4.062744	GGAAG
37	109.772606	5.559623	GAAGC
38	97.550106	3.990469	AAGCC
39	83.922531	2.778549	AGCCC
40	67.209854	2.070961	GCCCA
41	84.523756	2.8125	CCCAA
42	93.341858	3.449749	CCAAT
43	85.402731	3.040826	CAATA
44	89.904186	6.278645	AATAC
45	87.266543	2.134613	ATACT
46	79.739756	2.300504	TACTC
47	76.96812	2.848865	ACTCG
48	111.329712	3.551179	CTCGG
49	113.279865	5.310878	TCGGG
50	113.737989	4.047423	CGGGC
51	90.954481	4.981474	GGGCT
52	79.123155	2.302527	GGCTG
53	100.20425	6.071202	GCTGC
54	89.203426	3.049711	CTGCT
55	81.943681	2.302527	TGCTC
56	78.058375	2.848865	GCTCG
57	118.063757	3.551179	CTCGA
58	109.433183	3.017274	TCGAT
59	92.905249	3.781763	CGATG
60	107.544746	8.555862	GATGG
61	118.634757	3.368228	ATGGT
62	105.22343	3.994511	TGGTC
63	88.236624	2.85022	GGTCC
64	69.957644	2.349865	GTCCG
65	111.210293	3.291378	TCCGA
66	103.968265	3.017274	CCGAC
67	89.545715	5.093152	CGACG
68	112.16599	3.856268	GACGA
69	107.012728	3.017274	ACGAG
70	121.187789	5.691493	CGAGG
71	120.172787	3.173751	GAGGT
72	103.597649	3.994511	AGGTG
73	99.471489	9.689941	GGTGG
74	115.897733	3.368228	GTGGG
75	113.895885	4.047423	TGGGG
76	112.661902	4.047423	GGGGC
77	87.603071	4.981474	GGGCG
78	92.975641	8.394211	GGCGC
79	86.827111	2.600796	GCGCT
80	78.622211	2.302527	CGCTG
81	115.677666	6.071202	GCTGG
82	114.414051	3.368228	CTGGT
83	105.22343	3.994511	TGGTC
84	88.236624	2.85022	GGTCC
85	69.957644	2.349865	GTCCG
86	111.210293	3.291378	TCCGA
87	102.836148	3.017274	CCGAA
88	100.441004	4.062744	CGAAG
89	123.663906	5.559623	GAAGA
90	122.139294	5.872282	AAGAA
91	105.35778	4.062744	AGAAG
92	123.663906	5.559623	GAAGA
93	122.139294	5.872282	AAGAA
94	110.387667	4.062744	AGAAC
95	81.86329	3.018476	GAACG
96	115.20057	3.856268	AACGA
