0	77.979596	2.416143	CTTCG
1	112.465273	3.551179	TTCGG
2	120.311348	5.310878	TCGGA
3	114.132204	7.840309	CGGAC
4	91.801754	5.093152	GGACC
5	72.329156	2.107591	GACCA
6	75.529943	2.8125	ACCAC
7	72.576022	1.875816	CCACC
8	70.732523	2.107591	CACCC
9	66.29861	2.070961	ACCCA
10	79.175974	2.8125	CCCAG
11	110.091256	4.794395	CCAGC
12	85.837941	3.990469	CAGCA
13	78.732084	3.180457	AGCAC
14	73.836896	1.875816	GCACG
15	108.558497	3.856268	CACGT
16	94.883447	3.125398	ACGTC
17	84.197292	2.85022	CGTCC
18	71.639246	2.349865	GTCCT
19	73.537614	2.29844	TCCTA
20	103.249725	5.702234	CCTAA
21	109.543621	3.108588	CTAAG
22	115.648356	5.559623	TAAGC
23	96.866468	3.990469	AAGCT
24	84.69738	2.302527	AGCTT
25	76.911413	2.072592	GCTTG
26	114.367087	7.489815	CTTGG
27	121.108797	3.368228	TTGGA
28	115.661044	7.840309	TGGAC
29	87.860142	5.093152	GGACG
30	97.161063	3.856268	GACGC
31	87.165793	2.600796	ACGCT
32	78.622211	2.302527	CGCTG
33	115.677666	6.071202	GCTGG
34	114.414051	3.368228	CTGGT
35	102.467791	3.994511	TGGTT
36	86.040127	2.64941	GGTTA
37	100.780633	5.532156	GTTAA
38	108.911579	3.108588	TTAAC
39	89.199187	3.018476	TAACT
40	78.880781	2.300504	AACTA
41	100.237818	5.702234	ACTAA
42	106.551687	3.108588	CTAAT
43	94.218253	3.040826	TAATT
44	84.437742	2.458906	AATTT
45	79.280022	1.969599	ATTTT
46	79.706453	1.969599	TTTTC
47	82.378469	2.416143	TTTCA
48	89.12293	2.731261	TTCAG
49	121.90253	4.794395	TCAGT
50	104.197468	4.487612	CAGTT
51	88.48406	2.64941	AGTTG
52	121.107442	7.489815	GTTGA
53	122.772197	4.029736	TTGAC
54	91.458345	5.093152	TGACG
55	112.16599	3.856268	GACGA
56	107.012728	3.017274	ACGAG
57	128.622891	5.691493	CGAGA
58	121.126709	5.872282	GAGAT
59	102.409502	3.781763	AGATG
60	107.544746	8.555862	GATGG
61	118.634757	3.368228	ATGGT
62	102.467791	3.994511	TGGTT
63	84.702338	2.64941	GGTTG
64	121.107442	7.489815	GTTGA
65	122.772197	4.029736	TTGAC
66	93.137594	5.093152	TGACT
67	77.48486	2.300504	GACTC
68	76.96812	2.848865	ACTCG
69	118.063757	3.551179	CTCGA
70	109.433183	3.017274	TCGAT
71	94.883442	3.781763	CGATT
72	82.234327	2.458906	GATTG
73	98.213897	7.489815	ATTGC
74	92.10441	3.049711	TTGCT
75	79.776852	2.302527	TGCTG
76	115.677666	6.071202	GCTGG
77	114.734501	3.368228	CTGGG
78	112.203445	4.047423	TGGGT
79	94.433499	3.994511	GGGTG
80	99.471489	9.689941	GGTGG
81	115.659191	3.368228	GTGGT
82	105.22343	3.994511	TGGTC
83	88.236624	2.85022	GGTCC
84	69.957644	2.349865	GTCCG
85	111.210293	3.291378	TCCGA
86	102.836148	3.017274	CCGAA
87	100.441004	4.062744	CGAAG
88	123.663906	5.559623	GAAGA
89	122.139294	5.872282	AAGAA
90	105.35778	4.062744	AGAAG
91	123.663906	5.559623	GAAGA
92	122.139294	5.872282	AAGAA
93	110.387667	4.062744	AGAAC
94	81.86329	3.018476	GAACG
95	115.20057	3.856268	AACGA
