0	77.979596	2.416143	CTTCG
1	112.465273	3.551179	TTCGG
2	120.311348	5.310878	TCGGA
3	114.132204	7.840309	CGGAC
4	91.801754	5.093152	GGACC
5	72.329156	2.107591	GACCA
6	75.529943	2.8125	ACCAC
7	70.716194	1.875816	CCACG
8	111.254903	3.856268	CACGG
9	106.356917	5.310878	ACGGG
10	113.737989	4.047423	CGGGC
11	92.989032	4.981474	GGGCC
12	76.572635	2.778549	GGCCT
13	69.693728	2.29844	GCCTG
14	125.199218	6.071202	CCTGA
15	117.524297	4.029736	CTGAG
16	112.737434	5.691493	TGAGC
17	95.856533	3.990469	GAGCC
18	81.879199	2.778549	AGCCT
19	70.811221	2.29844	GCCTT
20	78.04618	2.072592	CCTTA
21	96.042397	5.532156	CTTAG
22	120.276539	5.101816	TTAGC
23	99.037693	3.990469	TAGCT
24	84.69738	2.302527	AGCTT
25	76.911413	2.072592	GCTTG
26	114.367087	7.489815	CTTGG
27	118.828514	3.368228	TTGGT
28	102.467791	3.994511	TGGTT
29	88.300823	2.64941	GGTTC
30	77.655142	2.416143	GTTCC
31	73.284641	2.349865	TTCCT
32	70.254407	2.29844	TCCTG
33	112.006575	6.071202	CCTGT
34	90.407547	3.775722	CTGTG
35	91.659335	9.689941	TGTGC
36	90.049	3.049711	GTGCC
37	78.010037	2.778549	TGCCC
38	63.753187	2.070961	GCCCC
39	64.935394	2.070961	CCCCT
40	70.317427	2.29844	CCCTA
41	103.249725	5.702234	CCTAA
42	112.204348	3.108588	CTAAA
43	112.768194	2.676522	TAAAA
44	106.417182	2.676522	AAAAG
45	118.114917	5.559623	AAAGT
46	104.815901	4.487612	AAGTT
47	90.368377	2.64941	AGTTA
48	96.095711	5.532156	GTTAG
49	129.827199	5.101816	TTAGG
50	124.022802	3.173751	TAGGG
51	114.799941	4.047423	AGGGG
52	113.610452	4.047423	GGGGA
53	89.169347	7.840309	GGGAC
54	87.860142	5.093152	GGACG
55	112.16599	3.856268	GACGA
56	107.012728	3.017274	ACGAG
57	128.622891	5.691493	CGAGA
58	121.126709	5.872282	GAGAT
59	102.409502	3.781763	AGATG
60	107.544746	8.555862	GATGG
61	121.853626	3.368228	ATGGC
62	95.286181	4.981474	TGGCT
63	79.123155	2.302527	GGCTG
64	122.920112	6.071202	GCTGA
65	118.298104	4.029736	CTGAC
66	93.137594	5.093152	TGACT
67	77.48486	2.300504	GACTC
68	76.96812	2.848865	ACTCG
69	118.063757	3.551179	CTCGA
70	109.433183	3.017274	TCGAT
71	91.224691	3.781763	CGATA
72	90.963031	6.278645	GATAG
73	126.875295	5.101816	ATAGG
74	128.823294	3.173751	TAGGC
75	106.163531	4.981474	AGGCC
76	78.031696	2.778549	GGCCC
77	65.639915	2.070961	GCCCG
78	102.953936	3.291378	CCCGT
79	83.63007	3.125398	CCGTG
80	93.689325	9.689941	CGTGG
81	115.659191	3.368228	GTGGT
82	105.22343	3.994511	TGGTC
83	88.236624	2.85022	GGTCC
84	69.957644	2.349865	GTCCG
85	111.210293	3.291378	TCCGA
86	102.836148	3.017274	CCGAA
87	100.441004	4.062744	CGAAG
88	123.663906	5.559623	GAAGA
89	122.139294	5.872282	AAGAA
90	105.35778	4.062744	AGAAG
91	123.663906	5.559623	GAAGA
92	122.139294	5.872282	AAGAA
93	110.387667	4.062744	AGAAC
94	81.86329	3.018476	GAACG
95	115.20057	3.856268	AACGA
