0	35.60992729	1.02002654
1	37.69562841	1.013500105
2	46.09303359	1.139882816
3	58.11511059	1.016764445
4	43.51411512	2.125784649
5	37.71953183	1.346514492
6	43.76370035	6.539831704
7	51.89038112	1.15318889
8	59.21078291	0.664926892
9	61.23043246	0.806394539
10	65.09343431	0.727105857
11	72.27611041	0.945434472
12	74.40746056	1.107646201
13	79.98897171	1.942420664
14	71.8885986	1.686686131
15	62.30872465	2.679609684
16	79.42806071	4.935099096
17	61.1533279	1.946465364
18	57.39978008	1.699022591
19	61.34824788	1.830747615
20	44.04749505	1.743677095
21	37.0617451	1.879833464
22	45.51640741	1.381162722
23	55.88792751	1.547281617
24	64.45744025	1.590191698
25	69.19909139	1.234296669
26	55.22518123	2.661138269
27	53.88675414	0.882215003
28	61.47597642	0.766285826
29	68.46636143	0.914961623
30	75.41907679	3.306959757
31	66.51056101	1.076143122
32	71.18941078	1.041315867
33	78.0858043	1.471366638
34	60.44086533	0.915974714
35	66.47912265	1.104523357
36	57.78861765	1.641705564
37	73.3008651	1.249603674
38	64.08522922	1.855345117
39	52.51531743	1.853427081
40	98.61935035	7.143676171
41	135.9120007	3.865017426