0	35.4744948	0.749506422
1	37.35395509	0.662908321
2	58.3031135	1.23065135
3	69.37114341	1.337565013
4	75.59094082	1.273715196
5	69.25322551	1.278809988
6	75.5139227	1.321918937
7	77.7564685	1.220756161
8	86.82666179	1.477978038
9	80.80160475	1.182068788
10	78.7349379	1.18972109
11	73.58326404	1.167353632
12	62.25935877	5.445081211
13	46.41927891	0.793951361
14	64.94697704	2.441727758
15	54.34260949	1.619259281
16	47.68412783	1.186151318
17	59.29324292	3.485925599
18	67.89440859	2.306213671
19	71.92915531	4.69053378
20	63.62369854	1.825771579
21	58.90459217	2.410854373
22	42.62218439	1.620113055
23	64.73209173	1.403791168
24	47.61448373	1.668318601
25	57.6102917	6.965176012
26	67.33114103	0.707388005
27	64.25697463	2.30040296
28	94.89833711	7.360548917
29	135	3.5