0	35.48581818	0.689728169
1	37.69562841	1.013500105
2	58.43695401	1.149275403
3	40.10592237	1.169946734
4	32.35630917	2.152343274
5	36.56433591	1.314426051
6	45.98813044	1.223970768
7	32.58302193	3.073489687
8	52.67539243	2.973259082
9	64.42732631	1.088530348
10	74.52736028	2.6704878
11	79.95902842	1.890223147
12	73.19320103	1.470488503
13	78.90647748	5.783778915
14	100.550414	5.877520754
15	75.3383132	2.559230191
16	66.22664088	1.326377991
17	75.63811741	4.89137258
18	67.68771491	2.722985774
19	64.86700075	1.572851503
20	45.43709533	3.91631107
21	58.9020039	0.875587468
22	60.00965694	4.388880938
23	48.41115136	1.602255021
24	62.09720072	1.317796487
25	59.30043371	1.467992841
26	40.18598075	5.922352124
27	51.80125613	2.58731448
28	62.77146142	1.664406312
29	57.89314995	7.608183326
30	61.41232491	2.813092811
31	72.87129791	3.66886185
32	64.81666274	2.142591646
33	61.08267625	1.911154958
34	100.1277554	1.486753188
35	141.194157	0.53319023