0	35.60992729	1.02002654
1	37.69562841	1.013500105
2	46.09303359	1.139882816
3	58.11511059	1.016764445
4	60.63516103	1.145548204
5	62.51904311	1.031345746
6	66.20921188	1.029765958
7	69.54624528	1.428650129
8	74.80769618	1.332145395
9	50.72503504	2.232143561
10	41.99466494	0.575308323
11	55.64339016	1.021608124
12	67.34612764	1.197023531
13	71.33863026	1.005045415
14	76.31663972	2.212452249
15	83.05239067	2.582612898
16	79.54795325	1.291090775
17	72.98894661	1.370297959
18	62.4841246	1.246150663
19	56.78406445	1.137394087
20	62.03789905	2.023229422
21	68.25329249	1.743725191
22	75.45271179	1.407487327
23	76.86808052	2.294526704
24	66.05459774	1.708489162
25	80.41994778	6.213216265
26	78.23064945	1.041942898
27	72.22920748	1.978918436
28	77.47031312	2.75668329
29	51.90016051	1.168443432
30	47.55322612	0.548173866
31	65.25102149	1.431076103
32	69.54535921	1.098774555
33	64.00873293	1.092805425
34	104.1666555	8.394926559
35	139.4053991	0.452253052